{"cells":[{"cell_type":"code","source":["_hex_param_projection_periods = 40"],"outputs":[],"execution_count":null,"metadata":{}},{"cell_type":"code","source":["_hex_param_interest_rate_lags = 10"],"outputs":[],"execution_count":null,"metadata":{}},{"cell_type":"markdown","source":["# Replicating analysis of \"Longer-run economic consequences of pandemics\" [(Jorda, Singh, Taylor 2020)](https://www.frbsf.org/economic-research/publications/working-papers/2020/01/)\n","This notebook replicates the analysis of a recent working paper that demonstrates the historical impact \n","of major pandemic event on interest rates across Europe. "],"metadata":{}},{"cell_type":"markdown","source":["## Replicating European raw and natural real rate of interest time series\n","The first step is to replicate the natural interest rate time series using the Kalman filter and maximum likelihood \n","optimization applied to a GDP weighted measure of the real rate of interest across Europe.\n","\n","The raw real interest rate data and GDP weightings come from \"Eight centuries of global real interest rates, RG, and \n","the ‘suprasecular’decline, 1311–2018\" [(Schmelzing 2020)](https://www.bankofengland.co.uk/working-paper/2020/eight-centuries-of-global-real-interest-rates-r-g-and-the-suprasecular-decline-1311-2018)\n","\n","![](https://firebasestorage.googleapis.com/v0/b/firescript-577a2.appspot.com/o/imgs%2Fapp%2Fwhoisnnamdi%2FsEf-axjueT?alt=media&token=2444c9f4-2c8c-43a9-bcf2-a4832abc7090)"],"metadata":{}},{"cell_type":"code","source":["# Need statsmodels for local projection regressions\n","!pip install statsmodels"],"metadata":{},"execution_count":null,"outputs":[{"data":{"text/plain":"Requirement already satisfied: statsmodels in /usr/local/lib/python3.7/dist-packages (0.11.1)\r\nRequirement already satisfied: scipy>=1.0 in /usr/local/lib/python3.7/dist-packages (from statsmodels) (1.4.1)\r\nRequirement already satisfied: pandas>=0.21 in /usr/local/lib/python3.7/dist-packages (from statsmodels) (1.0.3)\r\nRequirement already satisfied: numpy>=1.14 in /usr/local/lib/python3.7/dist-packages (from statsmodels) (1.18.2)\r\n"},"execution_count":null,"metadata":{},"output_type":"execute_result"},{"data":{"text/plain":"Requirement already satisfied: patsy>=0.5 in /usr/local/lib/python3.7/dist-packages (from statsmodels) (0.5.1)\r\nRequirement already satisfied: python-dateutil>=2.6.1 in /usr/local/lib/python3.7/dist-packages (from pandas>=0.21->statsmodels) (2.8.1)\r\nRequirement already satisfied: pytz>=2017.2 in /usr/local/lib/python3.7/dist-packages (from pandas>=0.21->statsmodels) (2019.3)\r\nRequirement already satisfied: six in /usr/local/lib/python3.7/dist-packages (from patsy>=0.5->statsmodels) (1.14.0)\r\n"},"execution_count":null,"metadata":{},"output_type":"execute_result"}]},{"cell_type":"code","source":["# Clone pyflux from repo since normal pip install is broken\n","!git clone https://github.com/RJT1990/pyflux.git"],"metadata":{},"execution_count":null,"outputs":[{"data":{"text/plain":"fatal: destination path 'pyflux' already exists and is not an empty directory.\r\n"},"execution_count":null,"metadata":{},"output_type":"execute_result"}]},{"cell_type":"code","source":["# pip install pyflux from git directory, which we'll use for the Kalman filter\n","!pip install pyflux/"],"metadata":{},"execution_count":null,"outputs":[{"data":{"text/plain":"Processing ./pyflux\r\n"},"execution_count":null,"metadata":{},"output_type":"execute_result"},{"data":{"text/plain":"Requirement already satisfied: numdifftools in /usr/local/lib/python3.7/dist-packages (from pyflux==0.4.17) (0.9.39)\r\nRequirement already satisfied: numpy in /usr/local/lib/python3.7/dist-packages (from pyflux==0.4.17) (1.18.2)\r\nRequirement already satisfied: pandas in /usr/local/lib/python3.7/dist-packages (from pyflux==0.4.17) (1.0.3)\r\nRequirement already satisfied: patsy in /usr/local/lib/python3.7/dist-packages (from pyflux==0.4.17) (0.5.1)\r\nRequirement already satisfied: scipy in /usr/local/lib/python3.7/dist-packages (from pyflux==0.4.17) (1.4.1)\r\nRequirement already satisfied: python-dateutil>=2.6.1 in /usr/local/lib/python3.7/dist-packages (from pandas->pyflux==0.4.17) (2.8.1)\r\nRequirement already satisfied: pytz>=2017.2 in /usr/local/lib/python3.7/dist-packages (from pandas->pyflux==0.4.17) (2019.3)\r\nRequirement already satisfied: six in /usr/local/lib/python3.7/dist-packages (from patsy->pyflux==0.4.17) (1.14.0)\r\nBuilding wheels for collected packages: pyflux\r\n"},"execution_count":null,"metadata":{},"output_type":"execute_result"},{"data":{"text/plain":"  Building wheel for pyflux (setup.py) ... \u001b[?25l-"},"execution_count":null,"metadata":{},"output_type":"execute_result"},{"data":{"text/plain":"\b \b\\"},"execution_count":null,"metadata":{},"output_type":"execute_result"},{"data":{"text/plain":"\b \b|"},"execution_count":null,"metadata":{},"output_type":"execute_result"},{"data":{"text/plain":"\b \b/"},"execution_count":null,"metadata":{},"output_type":"execute_result"},{"data":{"text/plain":"\b \b-"},"execution_count":null,"metadata":{},"output_type":"execute_result"},{"data":{"text/plain":"\b \b\\"},"execution_count":null,"metadata":{},"output_type":"execute_result"},{"data":{"text/plain":"\b \b|"},"execution_count":null,"metadata":{},"output_type":"execute_result"},{"data":{"text/plain":"\b \b/"},"execution_count":null,"metadata":{},"output_type":"execute_result"},{"data":{"text/plain":"\b \b-"},"execution_count":null,"metadata":{},"output_type":"execute_result"},{"data":{"text/plain":"\b \b\\"},"execution_count":null,"metadata":{},"output_type":"execute_result"},{"data":{"text/plain":"\b \b|"},"execution_count":null,"metadata":{},"output_type":"execute_result"},{"data":{"text/plain":"\b \b/"},"execution_count":null,"metadata":{},"output_type":"execute_result"},{"data":{"text/plain":"\b \b-"},"execution_count":null,"metadata":{},"output_type":"execute_result"},{"data":{"text/plain":"\b \b\\"},"execution_count":null,"metadata":{},"output_type":"execute_result"},{"data":{"text/plain":"\b \b|"},"execution_count":null,"metadata":{},"output_type":"execute_result"},{"data":{"text/plain":"\b \b/"},"execution_count":null,"metadata":{},"output_type":"execute_result"},{"data":{"text/plain":"\b \b-"},"execution_count":null,"metadata":{},"output_type":"execute_result"},{"data":{"text/plain":"\b \b\\"},"execution_count":null,"metadata":{},"output_type":"execute_result"},{"data":{"text/plain":"\b \b|"},"execution_count":null,"metadata":{},"output_type":"execute_result"},{"data":{"text/plain":"\b \b/"},"execution_count":null,"metadata":{},"output_type":"execute_result"},{"data":{"text/plain":"\b \b-"},"execution_count":null,"metadata":{},"output_type":"execute_result"},{"data":{"text/plain":"\b \bdone\r\n\u001b[?25h  Created wheel for pyflux: filename=pyflux-0.4.17-cp37-cp37m-linux_x86_64.whl size=6256525 sha256=47f8c4c3246e3b7143cf6b0678f871986ed7e3a2906936899c6b920609d3a97c\r\n"},"execution_count":null,"metadata":{},"output_type":"execute_result"},{"data":{"text/plain":"  Stored in directory: /tmp/pip-ephem-wheel-cache-enpsf0ok/wheels/63/96/22/718669d969459b05fabff525a9a1777e2550ec9b9f94dad6d0\r\nSuccessfully built pyflux\r\n"},"execution_count":null,"metadata":{},"output_type":"execute_result"},{"data":{"text/plain":"Installing collected packages: pyflux\r\n  Attempting uninstall: pyflux\r\n    Found existing installation: pyflux 0.4.17\r\n    Uninstalling pyflux-0.4.17:\r\n      Successfully uninstalled pyflux-0.4.17\r\n"},"execution_count":null,"metadata":{},"output_type":"execute_result"},{"data":{"text/plain":"Successfully installed pyflux-0.4.17\r\n"},"execution_count":null,"metadata":{},"output_type":"execute_result"}]},{"cell_type":"code","source":["import numpy as np\n","import pandas as pd\n","from statsmodels.formula.api import ols\n","import matplotlib.pyplot as plt\n","import altair as alt\n","import pyflux as pf\n","%matplotlib inline"],"metadata":{},"execution_count":null,"outputs":[]},{"cell_type":"code","source":["# Read in GDP shares and interest rate data\n","gdp_shares = pd.read_excel(\"data.xlsx\", sheet_name=\"III. GDP shares, 1310-2018\", header=1)\n","rates = pd.read_excel(\"data.xlsx\", sheet_name=\"IV. Country level, 1310-2018\", header=1)"],"metadata":{},"execution_count":null,"outputs":[]},{"cell_type":"code","source":["# Rename Holland to tie to column name in rates data, also get rid of the \"/\"\n","gdp_shares = gdp_shares.rename({\"Holland/NL\": \"Holland\"}, axis=1)\n","\n","# European countries to calculate weighted interest rate\n","eu_countries = [\"Italy\", \"UK\", \"Holland\", \"Germany\", \"France\", \"Spain\"]\n","\n","# Dropped unneeded rows and columns\n","gdp_shares = gdp_shares[[\"Year\"] + eu_countries].drop([1, 713]).dropna(how=\"all\").reset_index(drop=True)\n","\n","rates = rates[[\"Year\"] + eu_countries].dropna(how=\"all\").reset_index(drop=True)\n","\n","gdp_shares = gdp_shares.astype({\"Year\": \"int32\"})\n","rates = rates.astype({\"Year\": \"int32\"})"],"metadata":{},"execution_count":null,"outputs":[]},{"cell_type":"code","source":["gdp_shares"],"metadata":{},"execution_count":null,"outputs":[{"data":{"text/plain":"     Year      Italy        UK   Holland   Germany    France     Spain\n0    1310   0.796542  0.203458  0.000000  0.000000  0.000000       NaN\n1    1311   0.796542  0.203458  0.000000  0.000000  0.000000       NaN\n2    1312   0.796542  0.203458  0.000000  0.000000  0.000000       NaN\n3    1313   0.796542  0.203458  0.000000  0.000000  0.000000       NaN\n4    1314   0.796542  0.203458  0.000000  0.000000  0.000000       NaN\n..    ...        ...       ...       ...       ...       ...       ...\n704  2014  0.0598576  0.074818  0.021254  0.088595  0.073608  0.041258\n705  2015  0.0598576  0.074818  0.021254  0.088595  0.073608  0.041258\n706  2016  0.0598576  0.074818  0.021254  0.088595  0.073608  0.041258\n707  2017  0.0598576  0.074818  0.021254  0.088595  0.073608  0.041258\n708  2018  0.0598576  0.074818  0.021254  0.088595  0.073608  0.041258\n\n[709 rows x 7 columns]","text/html":"<div>\n<style scoped>\n    .dataframe tbody tr th:only-of-type {\n        vertical-align: middle;\n    }\n\n    .dataframe tbody tr th {\n        vertical-align: top;\n    }\n\n    .dataframe thead th {\n        text-align: right;\n    }\n</style>\n<table border=\"1\" class=\"dataframe\">\n  <thead>\n    <tr style=\"text-align: right;\">\n      <th></th>\n      <th>Year</th>\n      <th>Italy</th>\n      <th>UK</th>\n      <th>Holland</th>\n      <th>Germany</th>\n      <th>France</th>\n      <th>Spain</th>\n    </tr>\n  </thead>\n  <tbody>\n    <tr>\n      <th>0</th>\n      <td>1310</td>\n      <td>0.796542</td>\n      <td>0.203458</td>\n      <td>0.000000</td>\n      <td>0.000000</td>\n      <td>0.000000</td>\n      <td>NaN</td>\n    </tr>\n    <tr>\n      <th>1</th>\n      <td>1311</td>\n      <td>0.796542</td>\n      <td>0.203458</td>\n      <td>0.000000</td>\n      <td>0.000000</td>\n      <td>0.000000</td>\n      <td>NaN</td>\n    </tr>\n    <tr>\n      <th>2</th>\n      <td>1312</td>\n      <td>0.796542</td>\n      <td>0.203458</td>\n      <td>0.000000</td>\n      <td>0.000000</td>\n      <td>0.000000</td>\n      <td>NaN</td>\n    </tr>\n    <tr>\n      <th>3</th>\n      <td>1313</td>\n      <td>0.796542</td>\n      <td>0.203458</td>\n      <td>0.000000</td>\n      <td>0.000000</td>\n      <td>0.000000</td>\n      <td>NaN</td>\n    </tr>\n    <tr>\n      <th>4</th>\n      <td>1314</td>\n      <td>0.796542</td>\n      <td>0.203458</td>\n      <td>0.000000</td>\n      <td>0.000000</td>\n      <td>0.000000</td>\n      <td>NaN</td>\n    </tr>\n    <tr>\n      <th>...</th>\n      <td>...</td>\n      <td>...</td>\n      <td>...</td>\n      <td>...</td>\n      <td>...</td>\n      <td>...</td>\n      <td>...</td>\n    </tr>\n    <tr>\n      <th>704</th>\n      <td>2014</td>\n      <td>0.0598576</td>\n      <td>0.074818</td>\n      <td>0.021254</td>\n      <td>0.088595</td>\n      <td>0.073608</td>\n      <td>0.041258</td>\n    </tr>\n    <tr>\n      <th>705</th>\n      <td>2015</td>\n      <td>0.0598576</td>\n      <td>0.074818</td>\n      <td>0.021254</td>\n      <td>0.088595</td>\n      <td>0.073608</td>\n      <td>0.041258</td>\n    </tr>\n    <tr>\n      <th>706</th>\n      <td>2016</td>\n      <td>0.0598576</td>\n      <td>0.074818</td>\n      <td>0.021254</td>\n      <td>0.088595</td>\n      <td>0.073608</td>\n      <td>0.041258</td>\n    </tr>\n    <tr>\n      <th>707</th>\n      <td>2017</td>\n      <td>0.0598576</td>\n      <td>0.074818</td>\n      <td>0.021254</td>\n      <td>0.088595</td>\n      <td>0.073608</td>\n      <td>0.041258</td>\n    </tr>\n    <tr>\n      <th>708</th>\n      <td>2018</td>\n      <td>0.0598576</td>\n      <td>0.074818</td>\n      <td>0.021254</td>\n      <td>0.088595</td>\n      <td>0.073608</td>\n      <td>0.041258</td>\n    </tr>\n  </tbody>\n</table>\n<p>709 rows × 7 columns</p>\n</div>","application/vnd.hex.export+csv":",Year,Italy,UK,Holland,Germany,France,Spain\n0,1310,0.7965421426366163,0.20345785736338376,0.0,0.0,0.0,\n1,1311,0.7965421426366163,0.20345785736338376,0.0,0.0,0.0,\n2,1312,0.7965421426366163,0.20345785736338376,0.0,0.0,0.0,\n3,1313,0.7965421426366163,0.20345785736338376,0.0,0.0,0.0,\n4,1314,0.7965421426366163,0.20345785736338376,0.0,0.0,0.0,\n5,1315,0.7965421426366163,0.20345785736338376,0.0,0.0,0.0,\n6,1316,0.7965421426366163,0.20345785736338376,0.0,0.0,0.0,\n7,1317,0.7965421426366163,0.20345785736338376,0.0,0.0,0.0,\n8,1318,0.7965421426366163,0.20345785736338376,0.0,0.0,0.0,\n9,1319,0.7965421426366163,0.20345785736338376,0.0,0.0,0.0,\n10,1320,0.7965421426366163,0.20345785736338376,0.0,0.0,0.0,\n11,1321,0.7965421426366163,0.20345785736338376,0.0,0.0,0.0,\n12,1322,0.7965421426366163,0.20345785736338376,0.0,0.0,0.0,\n13,1323,0.7965421426366163,0.20345785736338376,0.0,0.0,0.0,\n14,1324,0.7965421426366163,0.20345785736338376,0.0,0.0,0.0,\n15,1325,0.7965421426366163,0.20345785736338376,0.0,0.0,0.0,\n16,1326,0.5065535082697465,0.12938711703479183,0.0,0.36405937469546157,0.0,\n17,1327,0.5063176566328741,0.12932687431048995,0.0,0.36435546905663596,0.0,\n18,1328,0.506082024519137,0.12926668765818267,0.0,0.3646512878226804,0.0,\n19,1329,0.5058466116221901,0.1292065569996214,0.0,0.3649468313781885,0.0,\n20,1330,0.505611417636258,0.12914648225670314,0.0,0.3652421001070387,0.0,\n21,1331,0.5053764422561342,0.12908646335146992,0.0,0.3655370943923959,0.0,\n22,1332,0.5051416851771785,0.12902650020610876,0.0,0.3658318146167128,0.0,\n23,1333,0.504907146095317,0.1289665927429511,0.0,0.366126261161732,0.0,\n24,1334,0.5046728247070399,0.1289067408844726,0.0,0.36642043440848737,0.0,\n25,1335,0.5044387207094012,0.1288469445532928,0.0,0.36671433473730597,0.0,\n26,1336,0.5042048338000162,0.1287872036721747,0.0,0.3670079625278091,0.0,\n27,1337,0.5039711636770609,0.12872751816402445,0.0,0.3673013181589147,0.0,\n28,1338,0.5037377100392704,0.12866788795189116,0.0,0.36759440200883836,0.0,\n29,1339,0.5035044725859382,0.12860831295896638,0.0,0.3678872144550954,0.0,\n30,1340,0.503271451016914,0.12854879310858386,0.0,0.3681797558745022,0.0,\n31,1341,0.5030386450326031,0.12848932832421917,0.0,0.3684720266431778,0.0,\n32,1342,0.5028060543339649,0.12842991852948946,0.0,0.36876402713654566,0.0,\n33,1343,0.5025736786225115,0.1283705636481531,0.0,0.3690557577293354,0.0,\n34,1344,0.5023415176003067,0.12831126360410933,0.0,0.3693472187955841,0.0,\n35,1345,0.5021095709699643,0.12825201832139788,0.0,0.36963841070863773,0.0,\n36,1346,0.5018778384346476,0.12819282772419874,0.0,0.36992933384115356,0.0,\n37,1347,0.5016463196980672,0.12813369173683187,0.0,0.37021998856510097,0.0,\n38,1348,0.5014150144644801,0.12807461028375672,0.0,0.3705103752517633,0.0,\n39,1349,0.5011839224386887,0.12801558328957205,0.0,0.3708004942717392,0.0,\n40,1350,0.5009530433260395,0.12795661067901554,0.0,0.37109034599494484,0.0,\n41,1351,0.5007223768324216,0.1278976923769635,0.0,0.37137993079061493,0.0,\n42,1352,0.5004919226642652,0.12783882830843055,0.0,0.3716692490273043,0.0,\n43,1353,0.5002616805285411,0.12778001839856923,0.0,0.3719583010728896,0.0,\n44,1354,0.5000316501327591,0.12772126257266986,0.0,0.37224708729457096,0.0,\n45,1355,0.49980183118496646,0.12766256075616003,0.0,0.37253560805887354,0.0,\n46,1356,0.499572223393747,0.12760391287460437,0.0,0.37282386373164866,0.0,\n47,1357,0.49934282646821987,0.12754531885370424,0.0,0.3731118546780759,0.0,\n48,1358,0.49911364011803827,0.12748677861929736,0.0,0.3733995812626643,0.0,\n49,1359,0.49888466405338816,0.12742829209735768,0.0,0.37368704384925416,0.0,\n50,1360,0.49865589798498705,0.12736985921399474,0.0,0.37397424280101826,0.0,\n51,1361,0.4984273416240828,0.12731147989545372,0.0,0.37426117848046353,0.0,\n52,1362,0.4981989946824525,0.1272531540681148,0.0,0.37454785124943263,0.0,\n53,1363,0.4979708568724012,0.1271948816584932,0.0,0.37483426146910565,0.0,\n54,1364,0.4977429279067606,0.12713666259323847,0.0,0.37512040950000103,0.0,\n55,1365,0.49751520749888783,0.12707849679913452,0.0,0.37540629570197764,0.0,\n56,1366,0.4972876953626646,0.12702038420309922,0.0,0.37569192043423616,0.0,\n57,1367,0.49706039121249557,0.12696232473218394,0.0,0.37597728405532044,0.0,\n58,1368,0.4968332947633074,0.1269043183135735,0.0,0.3762623869231192,0.0,\n59,1369,0.4966064057305473,0.12684636487458553,0.0,0.3765472293948671,0.0,\n60,1370,0.49637972383018236,0.1267884643426706,0.0,0.376831811827147,0.0,\n61,1371,0.49615324877869776,0.12673061664541158,0.0,0.37711613457589066,0.0,\n62,1372,0.49592698029309606,0.12667282171052338,0.0,0.37740019799638064,0.0,\n63,1373,0.49570091809089556,0.1266150794658528,0.0,0.3776840024432517,0.0,\n64,1374,0.49547506189012963,0.1265573898393781,0.0,0.3779675482704922,0.0,\n65,1375,0.5213616686571219,0.13062299801450114,0.0,0.34801533332837714,0.0,\n66,1376,0.5211433001001889,0.13056828751832647,0.0,0.34828841238148467,0.0,\n67,1377,0.520925114390847,0.13051362283315393,0.0,0.3485612627759991,0.0,\n68,1378,0.5207071112995352,0.13045900390146892,0.0,0.34883388479899585,0.0,\n69,1379,0.5204892905970767,0.13040443066585297,0.0,0.3491062787370702,0.0,\n70,1380,0.5202716520546784,0.13034990306898378,0.0,0.3493784448763379,0.0,\n71,1381,0.520054195443929,0.13029542105363476,0.0,0.3496503835024363,0.0,\n72,1382,0.5198369205367993,0.13024098456267505,0.0,0.3499220949005256,0.0,\n73,1383,0.5196198271056413,0.1301865935390692,0.0,0.35019357935528966,0.0,\n74,1384,0.5194029149231865,0.13013224792587694,0.0,0.3504648371509367,0.0,\n75,1385,0.5191861837625462,0.1300779476662531,0.0,0.3507358685712007,0.0,\n76,1386,0.5189696333972101,0.13002369270344735,0.0,0.3510066738993425,0.0,\n77,1387,0.34605294345000753,0.08670079843347749,0.0,0.23433207276334916,0.33291418535316575,\n78,1388,0.34595672504083486,0.08667669168028505,0.0,0.23454496316439244,0.3328216201144877,\n79,1389,0.3458605601229502,0.08665259832890716,0.0,0.23475773521197438,0.33272910633616826,\n80,1390,0.34576444865175937,0.08662851836817115,0.0,0.23497038900476303,0.3326366439753064,\n81,1391,0.3456683905827178,0.0866044517869167,0.0,0.23518292464131682,0.3325442329890488,\n82,1392,0.3455723858713302,0.08658039857399587,0.0,0.2353953422200845,0.3324518733345895,\n83,1393,0.34547643447315085,0.08655635871827316,0.0,0.23560764183940572,0.33235956496917024,\n84,1394,0.3453805363437834,0.0865323322086254,0.0,0.2358198235975108,0.3322673078500804,\n85,1395,0.34528469143888063,0.08650831903394178,0.0,0.23603188759252103,0.3321751019346565,\n86,1396,0.3451888997141448,0.08648431918312381,0.0,0.23624383392244888,0.33208294718028253,\n87,1397,0.34509316112532695,0.0864603326450853,0.0,0.236455662685198,0.33199084354438974,\n88,1398,0.3449974756282275,0.0864363594087524,0.0,0.23666737397856347,0.33189879098445657,\n89,1399,0.3449018431786958,0.08641239946306349,0.0,0.23687896790023205,0.33180678945800873,\n90,1400,0.3375624159350465,0.08457356464280501,0.021008457674656755,0.2321095399784344,0.32474602176905737,\n91,1401,0.3374708604826994,0.08455062615616683,0.021002759650366375,0.23231781126428094,0.3246579424464864,\n92,1402,0.3373793546811876,0.08452770010914851,0.020997064716134075,0.23252596960389615,0.3245699108896336,\n93,1403,0.3372878984901333,0.08450478649163368,0.020991372869446915,0.23273401508913175,0.3244819270596543,\n94,1404,0.33719649186920253,0.084481885293517,0.020985684107794677,0.23294194781174005,0.3243939909177458,\n95,1405,0.33710513477810483,0.08445899650470405,0.02097999842866986,0.2331497678633737,0.3243061024251475,\n96,1406,0.3370138271765937,0.08443612011511135,0.020974315829567682,0.2333574753355863,0.32421826154314093,\n97,1407,0.3369225690244661,0.08441325611466637,0.02096863630798608,0.23356507031983212,0.32413046823304936,\n98,1408,0.3368313602815624,0.08439040449330744,0.020962959861425694,0.23377255290746643,0.32404272245623805,\n99,1409,0.33674020090776663,0.08436756524098381,0.020957286487389867,0.23397992318974567,0.32395502417411404,\n100,1410,0.33664909086300615,0.0843447383476556,0.02095161618338465,0.2341871812578274,0.32386737334812615,\n101,1411,0.33655803010725166,0.08432192380329381,0.020945948946918792,0.23439432720277067,0.323779769939765,\n102,1412,0.3364670186005173,0.08429912159788028,0.020940284775503738,0.234601361115536,0.3236922139105627,\n103,1413,0.33637605630286016,0.08427633172140765,0.020934623666653617,0.23480828308698548,0.32360470522209306,\n104,1414,0.33628514317438085,0.08425355416387943,0.020928965617885247,0.23501509320788302,0.3235172438359714,\n105,1415,0.3361942791752229,0.0842307889153099,0.02092331062671814,0.2352217915688945,0.32342982971385464,\n106,1416,0.3361034642655728,0.08420803596572414,0.02091765869067447,0.23542837826058768,0.3233424628174409,\n107,1417,0.3360126984056604,0.084185295305158,0.02091200980727911,0.2356348533734326,0.32325514310846987,\n108,1418,0.29273712759353776,0.07334294700819123,0.018218721233565296,0.20552236597425855,0.2816226366515717,0.12855620153887537\n109,1419,0.2926186298405329,0.07331325834351562,0.018211346434384382,0.2056743496178096,0.2815086379595956,0.12867377780416198\n110,1420,0.29250022798268077,0.0732835937046039,0.01820397760331237,0.2058262102675118,0.2813947315218749,0.12879125892001633\n111,1421,0.2923819219036227,0.07325395306230331,0.018196614733107578,0.20597794807260528,0.2812809172264689,0.12890864500189225\n112,1422,0.29226371148718827,0.07322433638750829,0.01818925781654005,0.20612956318208875,0.2811671949616178,0.1290259361650568\n113,1423,0.2921455966173948,0.0731947436511603,0.01818190684639152,0.20628105574472014,0.2810535646157425,0.12914313252459084\n114,1424,0.2920275771784469,0.07316517482424774,0.018174561815455372,0.20643242590901686,0.28094002607744406,0.1292602341953891\n115,1425,0.2919096530547363,0.07313562987780589,0.01816722271653664,0.2065836738232566,0.2808265792355037,0.12937724129216083\n116,1426,0.2917918241308416,0.07310610878291682,0.01815988954245197,0.2067347996354775,0.280713223978882,0.1294941539294301\n117,1427,0.2916740902915273,0.07307661151070921,0.018152562286029607,0.20688580349347882,0.2805999601967189,0.12961097222153603\n118,1428,0.2915564514217438,0.0730471380323583,0.018145240940109338,0.20703668554482255,0.28048678777833286,0.12972769628263325\n119,1429,0.29150718695564587,0.07303479521422618,0.018142174928011946,0.20700170243357152,0.2804393937598502,0.1298747467086942\n120,1430,0.2914579391352274,0.07302245656653597,0.018139109951871266,0.20696673114255726,0.2803920157550525,0.13002174744875566\n121,1431,0.29140870795205315,0.07301012208717429,0.01813604601116233,0.2069317716657899,0.2803446537558248,0.1301686985279955\n122,1432,0.2913594933976939,0.07299779177402926,0.01813298310536054,0.20689682399728382,0.28029730775405787,0.13031559997157469\n123,1433,0.2913102954637259,0.0729854656249904,0.01812992123394164,0.20686188813105716,0.28024997774164784,0.130462451804637\n124,1434,0.2912611141417313,0.07297314363794867,0.01812686039638173,0.2068269640611324,0.28020266371049646,0.1306092540523095\n125,1435,0.2912119494232977,0.07296082581079641,0.01812380059215727,0.20679205178153579,0.2801553656525107,0.13075600673970203\n126,1436,0.2911628013000187,0.07294851214142745,0.018120741820745065,0.20675715128629782,0.2801080835596033,0.13090270989190772\n127,1437,0.2911136697634931,0.07293620262773697,0.018117684081622277,0.20672226256945286,0.2800608174236922,0.1310493635340025\n128,1438,0.29632799336738785,0.07311919980744029,0.01850177850284828,0.21119877332334874,0.28223190963957456,0.1186203453594002\n129,1439,0.296282068902459,0.07310786790427101,0.018498911125155337,0.21116604205638914,0.2821881697644154,0.11875694024731001\n130,1440,0.29623615866993286,0.07309653951295997,0.018496044636088407,0.21113332093314216,0.28214444344463513,0.11889349280324146\n131,1441,0.2961902626631944,0.07308521463187487,0.018493179035234467,0.2111006099488931,0.2821007306739332,0.11903000304687009\n132,1442,0.2961443808756325,0.07307389325938442,0.018490314322180738,0.21106790909893006,0.2820570314460131,0.1191664709978592\n133,1443,0.29609851330064035,0.07306257539385837,0.01848745049651471,0.21103521837854425,0.2820133457545822,0.11930289667586\n134,1444,0.29605265993161517,0.0730512610336675,0.01848458755782413,0.21100253778302974,0.28196967359335195,0.11943928010051151\n135,1445,0.29600682076195817,0.07303995017718355,0.018481725505696992,0.2109698673076835,0.28192601495603736,0.11957562129144053\n136,1446,0.29596099578507473,0.07302864282277927,0.01847886433972154,0.2109372069478053,0.2818823698363575,0.1197119202682617\n137,1447,0.29591518499437425,0.07301733896882845,0.018476004059486288,0.21090455669869798,0.28183873822803535,0.11984817705057761\n138,1448,0.29586938838327037,0.07300603861370587,0.018473144664580003,0.2108719165556673,0.2817951201247978,0.11998439165797864\n139,1449,0.2958236059451806,0.07299474175578735,0.018470286154591693,0.2108392865140218,0.2817515155203756,0.12012056411004307\n140,1450,0.2957778376735266,0.07298344839344963,0.018467428529110624,0.21080666656907296,0.2817079244085032,0.12025669442633702\n141,1451,0.2957320835617342,0.07297215852507052,0.01846457178772633,0.21077405671613517,0.28166434678291913,0.12039278262641456\n142,1452,0.29568634360323326,0.07296087214902885,0.01846171593002859,0.21074145695052582,0.28162078263736584,0.12052882872981767\n143,1453,0.2956406177914575,0.07294958926370441,0.01845886095560743,0.21070886726756505,0.28157723196558954,0.12066483275607617\n144,1454,0.29559490611984496,0.07293830986747799,0.018456006864053135,0.2106762876625759,0.28153369476134016,0.12080079472470785\n145,1455,0.2955492085818376,0.0729270339587314,0.01845315365495625,0.2106437181308844,0.2814901710183718,0.12093671465521844\n146,1456,0.2955035251708815,0.07291576153584747,0.018450301327907564,0.2106111586678195,0.28144666073044233,0.12107259256710161\n147,1457,0.2954578558804268,0.07290449259721,0.018447449882498128,0.21057860926871286,0.28140316389131337,0.12120842847983895\n148,1458,0.29541220070392754,0.07289322714120378,0.01844459931831923,0.21054606992889913,0.28135968049475035,0.1213442224129\n149,1459,0.295366559634842,0.07288196516621462,0.018441749634962427,0.21051354064371583,0.2813162105345227,0.12147997438574229\n150,1460,0.29532093266663245,0.07287070667062934,0.018438900832019524,0.2104810214085035,0.2812727540044038,0.12161568441781137\n151,1461,0.2952753197927651,0.07285945165283572,0.018436052909082574,0.2104485122186053,0.28122931089817066,0.12175135252854072\n152,1462,0.2952297210067103,0.07284820011122256,0.01843320586574388,0.21041601306936739,0.2811858812096041,0.1218869787373518\n153,1463,0.29518413630194235,0.07283695204417964,0.018430359701596004,0.21038352395613885,0.28114246493248896,0.12202256306365412\n154,1464,0.29513856567193975,0.07282570745009777,0.01842751441623176,0.21035104487427164,0.28109906206061386,0.12215810552684521\n155,1465,0.29509300911018477,0.0728144663273687,0.01842467000924421,0.2103185758191205,0.2810556725877713,0.1222936061463106\n156,1466,0.2950474666101639,0.0728032286743852,0.01842182648022666,0.21028611678604303,0.2810122965077574,0.1224290649414238\n157,1467,0.2950019381653675,0.07279199448954105,0.018418983828772675,0.2102536677703998,0.2809689338143724,0.12256448193154648\n158,1468,0.29495642376929027,0.07278076377123101,0.018416142054476083,0.2102212287675542,0.2809255845014202,0.12269985713602828\n159,1469,0.29491092341543046,0.0727695365178508,0.01841330115693094,0.21018879977287244,0.2808822485627085,0.12283519057420693\n160,1470,0.29486543709729063,0.07275831272779716,0.018410461135731557,0.2101563807817236,0.28083892599204885,0.12297048226540817\n161,1471,0.29481996480837724,0.07274709239946782,0.01840762199047251,0.21012397178947967,0.28079561678325676,0.12310573222894591\n162,1472,0.29477450654220094,0.0727358755312615,0.01840478372074861,0.21009157279151547,0.28075232093015134,0.12324094048412211\n163,1473,0.29472906229227613,0.07272466212157788,0.018401946326154932,0.21005918378320865,0.2807090384265557,0.12337610705022682\n164,1474,0.2946836320521213,0.07271345216881764,0.018399109806286777,0.21002680475993965,0.2806657692662965,0.12351123194653815\n165,1475,0.2946382158152589,0.07270224567138248,0.01839627416073972,0.20999443571709192,0.2806225134432045,0.12364631519232241\n166,1476,0.29459281357521555,0.07269104262767503,0.01839343938910958,0.20996207665005165,0.2805792709511141,0.12378135680683404\n167,1477,0.2945474253255217,0.07267984303609895,0.01839060549099241,0.20992972755420788,0.28053604178386365,0.12391635680931551\n168,1478,0.2945020510597118,0.07266864689505884,0.01838777246598453,0.20989738842495245,0.2804928259352949,0.12405131521899751\n169,1479,0.2944566907713242,0.07265745420296033,0.0183849403136825,0.20986505925768012,0.2804496233992539,0.12418623205509886\n170,1480,0.29441134445390155,0.07264626495821,0.01838210903368313,0.20983274004778854,0.2804064341695902,0.1243211073368266\n171,1481,0.2943660121009901,0.07263507915921544,0.01837927862558348,0.209800430790678,0.28036325824015723,0.12445594108337585\n172,1482,0.2943206937061403,0.07262389680438515,0.01837644908898085,0.20976813148175175,0.2803200956048121,0.12459073331392992\n173,1483,0.29427538926290636,0.07261271789212871,0.018373620423472802,0.20973584211641585,0.2802769462574158,0.12472548404766037\n174,1484,0.2942300987648469,0.07260154242085662,0.018370792628657137,0.20970356269007925,0.2802338101918332,0.12486019330372695\n175,1485,0.29418482220552394,0.07259037038898038,0.018367965704131902,0.20967129319815364,0.28019068740193265,0.12499486110127757\n176,1486,0.2941395595785038,0.07257920179491241,0.01836513964949539,0.2096390336360535,0.28014757788158656,0.12512948745944832\n177,1487,0.2940943108773567,0.07256803663706618,0.018362314464346153,0.20960678399919624,0.28010448162467094,0.12526407239736365\n178,1488,0.29404907609565695,0.07255687491385614,0.018359490148282986,0.2095745442830021,0.2800613986250657,0.12539861593413618\n179,1489,0.29400385522698247,0.07254571662369766,0.018356666700904915,0.20954231448289398,0.2800183288766544,0.1255331180888667\n180,1490,0.29395864826491536,0.07253456176500708,0.01835384412181123,0.20951009459429773,0.27997527237332437,0.12566757888064428\n181,1491,0.29391345520304163,0.07252341033620179,0.01835102241060146,0.20947788461264194,0.27993222910896676,0.12580199832854635\n182,1492,0.29386827603495136,0.07251226233570009,0.018348201566875392,0.20944568453335816,0.27988919907747645,0.12593637645163855\n183,1493,0.29382311075423834,0.07250111776192127,0.01834538159023304,0.20941349435188056,0.27984618227275215,0.12607071326897476\n184,1494,0.2937779593545004,0.07248997661328557,0.018342562480274674,0.20938131406364616,0.2798031786886961,0.12620500879959715\n185,1495,0.29373282182933935,0.07247883888821424,0.018339744236600806,0.20934914366409482,0.27976018831921445,0.12633926306253626\n186,1496,0.2936876981723609,0.0724677045851295,0.01833692685881221,0.2093169831486693,0.2797172111582172,0.1264734760768109\n187,1497,0.2936425883771747,0.07245657370245448,0.01833411034650988,0.209284832512815,0.27967424719961786,0.12660764786142814\n188,1498,0.2935974924373942,0.07244544623861333,0.018331294699295064,0.2092526917519801,0.2796312964373338,0.12674177843538345\n189,1499,0.293552410346637,0.07243432219203118,0.018328479916769266,0.20922056086161575,0.2795883588652861,0.1268758678176606\n190,1500,0.298056824340017,0.07264328662486129,0.018657583030115353,0.2130525663853836,0.28159273309075894,0.11599700652886377\n191,1501,0.29733837140563546,0.07310888676715076,0.018913058327996172,0.2131439450941197,0.2814134371078985,0.11608230129719917\n192,1502,0.2966268888012054,0.07356996972193658,0.019166055040244677,0.2132344372593957,0.2812358806296038,0.11616676854761385\n193,1503,0.2959222755786683,0.07402660090955195,0.019416609063067934,0.2133240557206096,0.2810600384634361,0.11625042026466632\n194,1504,0.2952244327299124,0.07447884449312939,0.01966475560284564,0.21341281307042118,0.28088588590108693,0.1163332682026045\n195,1505,0.29453326314039513,0.0749267634086564,0.01991052919262168,0.2135007216606507,0.2807133987068041,0.11641532389087181\n196,1506,0.29384867154408933,0.07537041939417276,0.020153963708124757,0.21358779360800922,0.280542553106148,0.11649659863945579\n197,1507,0.29317056447970974,0.07580987301813834,0.020395092383333823,0.21367404079966584,0.28037332577506724,0.11657710354408488\n198,1508,0.2924988502481776,0.07624518370699855,0.020633947825603263,0.21375947489865796,0.28020569382928434,0.11665684949127832\n199,1509,0.2918334388712828,0.07667640977197378,0.020870562030362305,0.2138441073491487,0.2800396348139787,0.11673584716325364\n200,1510,0.29117424205150416,0.07710360843509836,0.021104966395402616,0.2139279493815376,0.2798751266937601,0.11681410704269705\n201,1511,0.2905211731329499,0.07752683585453325,0.021337191734767388,0.21401101201742842,0.2797121478429206,0.11689163941740034\n202,1512,0.2898741470633829,0.07794614714917607,0.021567268292254915,0.21409330607445887,0.27955067703595793,0.1169684543847694\n203,1513,0.28923308035729456,0.07836159642259115,0.021795225754549032,0.2141748421709973,0.27939069343836,0.11704456185620787\n204,1514,0.28859789105999556,0.07877323678628148,0.02202109326398844,0.21425563073071022,0.27923217659764354,0.11711997156138071\n205,1515,0.28796849871268787,0.07918112038232333,0.022244899430986363,0.21433568198700426,0.2790751064346377,0.11719469305236035\n206,1516,0.2873448243184907,0.07958529840538416,0.02246667234611177,0.2144150059873476,0.2789194632350053,0.11726873570766053\n207,1517,0.28672679030938647,0.07998582112414285,0.022686439591842765,0.2144936125974738,0.27876522764099404,0.11734210873616005\n208,1518,0.2861143205140611,0.08038273790213189,0.022904228254002585,0.2145715115054724,0.2786123806434107,0.11741482118092121\n209,1519,0.28550734012660794,0.08077609721801862,0.023120064932888047,0.21464871222576926,0.27846090357381104,0.117486881922905\n210,1520,0.28490577567606973,0.08116594668534392,0.02333397575410014,0.21472522410300046,0.2783107780968987,0.11755829968458716\n211,1521,0.28430955499679217,0.08155233307173469,0.023545986379085962,0.2148010563157828,0.2781619862031266,0.11762908303347767\n212,1522,0.2837186071995648,0.08193530231760685,0.02375612201540102,0.21487621788038494,0.27801451020149504,0.11769924038554727\n213,1523,0.28313286264352294,0.08231489955437389,0.023964407426700373,0.21495071765430043,0.27786833271253947,0.11776878000856285\n214,1524,0.2825522529087893,0.08269116912217703,0.02417086694246708,0.21502456433972772,0.2777234366615031,0.11783771002533566\n215,1525,0.2819767107698323,0.08306415458715073,0.024375524467485896,0.21509776648695872,0.27757980527168813,0.1179060384168842\n216,1526,0.2814061701695178,0.08343389875823833,0.02457840349106998,0.21517033249767892,0.2774374220579802,0.1179737730255147\n217,1527,0.28084056619383585,0.08380044370357105,0.02477952709604811,0.21524227062818196,0.27729627082054126,0.11804092155782173\n218,1528,0.2802798350472794,0.08416383076642384,0.024978917967519606,0.21531358899250125,0.2771563356386649,0.11810749158761102\n219,1529,0.27972391402885705,0.08452410058076035,0.025176598401383962,0.2153842955654606,0.27701760086479055,0.11817349055874746\n220,1530,0.279172741508721,0.0848812930863798,0.025372590312651877,0.21545439818564718,0.2768800511186705,0.11823892578792962\n221,1531,0.27862625690539067,0.08523544754367725,0.02556691524354426,0.2155239045583082,0.2767436712816857,0.11830380446739394\n222,1532,0.278084400663555,0.0855866025480288,0.025759594371385416,0.2155928222581742,0.27660844649130667,0.1183681336675499\n223,1533,0.27754711423243716,0.08593479604381295,0.025950648516296554,0.21566115873221098,0.27647436213569365,0.1184319203395487\n224,1534,0.27701434004470343,0.08628006533807861,0.02614009814869546,0.2157289213023019,0.2763414038484336,0.11849517131778704\n225,1535,0.2764860214959018,0.08662244711387018,0.026327963396607982,0.21579611716786323,0.2762095575034085,0.11855789332234833\n226,1536,0.27596210292441414,0.08696197744321982,0.02651426405279688,0.21586275340839392,0.27607880920979266,0.11862009296138262\n227,1537,0.27544252959190707,0.0872986917998163,0.02669901958171326,0.21592883698596202,0.2759491453071738,0.11868177673342763\n228,1538,0.27492724766426746,0.08763262507136002,0.026882249126275785,0.21599437474762948,0.2758205523607954,0.11874295102967194\n229,1539,0.27441620419300816,0.08796381157161318,0.02706397151448262,0.2160593734278171,0.2756930171569164,0.1188036221361626\n230,1540,0.27390934709713094,0.08829228505215375,0.027244205265860817,0.21612383965061133,0.2755665266982849,0.11886379623595834\n231,1541,0.27340662514543285,0.08861807871384181,0.027422968597757932,0.21618777993201477,0.2754410681997226,0.11892347941123013\n232,1542,0.27290798793924453,0.08894122521800628,0.02760027943148023,0.21625120068214157,0.2753166290838169,0.11898267764531051\n233,1543,0.2724133858955872,0.08926175669736026,0.027776155398281863,0.21631410820735975,0.27519319697671774,0.11904139682469321\n234,1544,0.27192277023073685,0.08957970476665227,0.02795061384520928,0.21637650871238143,0.2750707597040357,0.11909964274098438\n235,1545,0.2714360929441844,0.08989510053306107,0.02812367184080487,0.21643840830230332,0.27494930528683953,0.1191574210928069\n236,1546,0.2709533068029805,0.09020797460634108,0.02829534618067374,0.21649981298459736,0.27482882193774855,0.11921473748765883\n237,1547,0.2704743653264546,0.09051835710872556,0.028465653392917612,0.2165607286710547,0.2747092980571199,0.11927159744372773\n238,1548,0.26999922277129706,0.09082627768459398,0.028634609743439322,0.21662116117968275,0.2745907222293253,0.11932800639166156\n239,1549,0.2695278341169957,0.09113176550991035,0.028802231241121645,0.21668111623655786,0.27447308321911656,0.11938396967629789\n240,1550,0.2690601550516152,0.09143484930143866,0.028968533642883806,0.21674059947763363,0.274356369968077,0.11943949255835182\n241,1551,0.2685961419579116,0.09173555732574172,0.02913353245861916,0.21679961645050716,0.2742405715911557,0.11949458021606474\n242,1552,0.2681357518997718,0.09203391740796904,0.029297242956017124,0.21685817261614376,0.27412567737328414,0.11954923774681413\n243,1553,0.26767894260896974,0.0923299569404399,0.02945968016527268,0.21691627335056157,0.27401167676607024,0.11960347016868597\n244,1554,0.2672256724722297,0.09262370289102662,0.02962085888368632,0.21697392394647655,0.27389855938457053,0.11965728242201037\n245,1555,0.2667759005185902,0.09291518181134402,0.029780793680157604,0.21703112961491006,0.27378631500413625,0.11971067937086198\n246,1556,0.26632958640705806,0.09320441984474984,0.02993949889957499,0.21708789548675886,0.27367493355733274,0.11976366580452548\n247,1557,0.26588669041454743,0.09349144273416142,0.030096988667104845,0.2171442266143294,0.27356440513092933,0.11981624643892767\n248,1558,0.26544717342409374,0.09377627582969332,0.03025327689238225,0.21720012797283633,0.2734547199629579,0.11986842591803647\n24